pH	C	MO	N	C_N	Al	Na_Cl	K	P	dens_part	pH.std	MO.std	N.std	C_N.std	Al.std	Na_Cl.std	K.std	P.std	dens_part.std	Area	PC1	PC2	PC3	PC4	WL	HL.std	HW.std	SL.std	ML.std	EL.std	IO.std	DEM.std	FL.std	TL.std	Sobs
Macaco_W1	3.2	5.565	9.6	0.155	8.435	1.885	0	65.735	11.15	2.545	-2.07624418705109	-1.4398655502479	-2.91095105467659	-0.659679403896928	-0.764828732582624	-1.13065155838944	1.65108700101685	1.12193445121464	0.266755979719655	Macaco	-0.0637202964994982	-0.0150184815355935	-0.0188173464246039	0.000757185168461052	0.165804054323133	0.2257492047263	0.254195269540763	0.199869961107487	0.150019981308256	0.0267747880314206	0.0852965179957105	0.168591287546604	0.210334268326655	0.170166084919981	9
Macaco_W10	4.295	12.015	20.715	0.815	15.055	1.7	0.45	41.825	9.595	2.505	0.676902538377932	0.0562724987177824	-0.61786050832304	0.481907597880033	-1.05767450463047	-0.633513483101496	-0.44918291932137	0.648913042383257	-0.424122816676578	Macaco	-0.0700246397871079	-0.019369241438416	0.0211746304442788	0.0209390991216951	0.154501388409473	0.230731837742929	0.247465687129074	0.185285867395424	0.153635741722467	0.035841853330838	0.0482673227060565	0.184250236843539	0.201340697388024	0.162862150127586	4
Macaco_W11	4.29	12.6233333333333	21.76	0.68	20.3333333333333	1.66666666666667	0.3	39.8333333333333	7.65333333333333	2.54	0.664331092143097	0.196935050329941	-1.08690175644081	1.39213066802798	-1.11043950860306	-0.799226174864143	-0.624132212141959	0.0582700184941265	0.180396130170128	Macaco	0.0581259494564227	-0.0747592087883422	0.0230552245557754	0.0484582129233097	0.292951864222606	0.23000966306785	0.219675851078527	0.177367638895814	0.164434591801434	0.0238759357717806	0.0308438246518598	0.189477421858665	0.180540941376229	0.149151595981336	2
Macaco_W16	4.31	10.3133333333333	17.7866666666667	0.896666666666667	12.14	2.07666666666667	0.396666666666667	27.57	5.54333333333333	2.5	0.714616877082439	-0.337896724858872	-0.334119506375252	-0.0207700622679794	-0.461429959740258	-0.692433551283771	-1.70135137245484	-0.583578967122732	-0.510482666226105	Macaco	-0.0525685891233738	0.000130858114778656	0.0187548149777048	0.014192071652816	0.170428458226945	0.224574796315979	0.257766979089953	0.1948907494438	0.169645849323239	0.0472883033804872	0.0458666377271069	0.1713970103072	0.220311914294057	0.165463168584389	5
Macaco_W17	4.19666666666667	8.01	13.8133333333333	0.716666666666667	10.4833333333333	1.7	0.66	36.76	6.28	2.52	0.429664095759498	-0.872728500047684	-0.959507837198947	-0.306454221322939	-1.05767450463047	-0.401515714633791	-0.894095807088542	-0.359489510848915	-0.165043268027989	Macaco	-0.07372031419178	-0.017331496379433	0.0274902071695593	0.00450499270091422	0.145178279232211	0.222458031719501	0.242237952117353	0.192991343610084	0.152487786607776	0.0358701261684244	0.045207935215823	0.169774176245613	0.19223474126245	0.162773420796199	5
Macaco_W18	4.18333333333333	9.22666666666667	15.9033333333333	0.85	10.9566666666667	1.79333333333333	0.66	33.6966666666667	6.34	2.57333333333333	0.396140239133269	-0.591403396823367	-0.496257221773988	-0.224830175878665	-0.909932493507234	-0.401515714633791	-1.16318099554398	-0.341237880926161	0.75612846050032	Macaco	-0.0396525546788652	-0.0634680680572584	0.0336449753768	-0.0195478636281195	0.17860415270936	0.21030184385725	0.216577502055435	0.175034653700393	0.140902976432215	0.0164267334806534	0.0458425727544224	0.147518748351068	0.166102311775721	0.145530248404252	3
Macaco_W2	3.195	12.615	21.75	0.475	27.28	1.745	0	41.825	7.8	2.625	-2.08881563328593	0.195588997204465	-1.79914957765669	2.59004975750592	-0.986441749267482	-1.13065155838944	-0.44918291932137	0.102885113860859	1.64851357251212	Macaco	-0.0213658607569079	0.0105514175559864	0.0185609148018811	0.00669579784029569	0.193925945698588	0.22572783659442	0.242889459018994	0.207403366472905	0.162684214521745	0.0375109906576479	0.0377153883591115	0.159913733399672	0.231116134347444	0.174842301338793	5
Macaco_W20	4.74	12.6233333333333	21.7633333333333	0.963333333333333	12.0866666666667	1.26	1.19	30.6333333333333	7.45333333333333	2.59	1.79576125327831	0.197383734705099	-0.102494198662773	-0.0299671378109964	-1.7541725570686	0.184002462927561	-1.43226618399941	-0.00256874791505438	1.04399462566542	Macaco	0.00245990979348717	-0.019021854058769	0.0186582994524199	-0.0462491805361154	0.213132842876521	0.216133022567726	0.224134237815534	0.181168258815223	0.146904949554421	0.0449715379207953	0.0517404197016917	0.105534421385141	0.214844311198712	0.170478971163083	2
Macaco_W3	3.145	8.72	15.03	0.965	9.005	1.795	0	47.805	10.46	2.55	-2.21453009563429	-0.708958703114868	-0.0967035659699604	-0.561385659030937	-0.907294243308604	-1.13065155838944	0.0761041623859721	0.912040707102965	0.353115829269183	Macaco	0.00982355123486219	-6.74439029316305e-05	0.0121767858129237	-0.044028269079019	0.217348532993641	0.199967378104335	0.235046639679809	0.204985459979783	0.143216854510574	0.0368293079404677	0.0460220009798797	0.114774746532345	0.231658423047519	0.1696986818232	5
Macaco_W4	3.225	11.13	19.19	0.815	13.84	1.65	0.15	41.825	11.27	2.59	-2.01338695587691	-0.149000602917186	-0.61786050832304	0.272386720665681	-1.13682201058935	-0.96493886662679	-0.44918291932137	1.15843771106015	1.04399462566542	Macaco	-0.0579915649039255	0.0137306823639839	0.0237492972354972	-0.0208008701208208	0.162907036725475	0.225289873852046	0.275863953748296	0.202052835969088	0.169027577577292	0.0448767864793342	0.0440436415503235	0.131738779514182	0.216938869248209	0.181799007227934	4
Macaco_W5	3.35	12.985	22.39	1.34	9.915	1.84	0	71.705	9.595	2.505	-1.69910080000602	0.281736397234878	1.20618878991274	-0.404460557578212	-0.836061487945614	-1.13065155838944	2.17549567623304	0.648913042383257	-0.424122816676578	Macaco	-0.0955091855491697	0.00523118165998628	0.0170120843410537	0.0316536880573702	0.129175789522039	0.232372709860699	0.260251443801467	0.200003416568057	0.170593787040652	0.0391521237099636	0.0502410959943115	0.194802223319066	0.202580839437925	0.181520010868311	1
Macaco_W6	4.285	16.385	28.245	1.05	15.58	2.17	0	59.755	11.15	2.455	0.651759645908262	1.06985050220061	0.198618701363451	0.572441310256605	-0.31368794861702	-1.13065155838944	1.12579991930951	1.12193445121464	-1.28772131217187	Macaco	-0.0729201059403103	-0.0350060220510102	0.0292475516246986	-0.00230499210116175	0.158965972169636	0.224668644876627	0.270160267857243	0.161151285876197	0.165641954039618	0.0290899388899123	0.0480275877308697	0.158532587041394	0.198316476609327	0.158832123217042	4
Macaco_W7	4.435	21.485	37.035	1.12	19.21	2.075	0	47.8	7.8	2.49	1.02890303295333	2.25303119949331	0.441825274461555	1.19841726440319	-0.464068209938887	-1.13065155838944	0.0756649591403971	0.102885113860859	-0.68320236532516	Macaco	-0.0448777002378868	-0.0318025161520313	0.0258096254242633	-0.018724821546702	0.177308362288272	0.210314685089119	0.253160278497083	0.17785162498017	0.151194021850963	0.0190600795659782	0.0442825441755531	0.145617208540767	0.195287429677716	0.167513998071332	4
Macaco_W8	4.275	19.845	34.215	0.755	30.16	2.22	0.15	47.8	10.46	2.55	0.626616753438591	1.8734442181093	-0.826323285264271	3.08669183682883	-0.234540442658142	-0.96493886662679	0.0756649591403971	0.912040707102965	0.353115829269183	Macaco	-0.0955091855491697	0.00523118165998628	0.0170120843410537	0.0316536880573702	0.129175789522039	0.232372709860699	0.260251443801467	0.200003416568057	0.170593787040652	0.0391521237099636	0.0502410959943115	0.194802223319066	0.202580839437925	0.181520010868311	1
Macaco_W9	4.215	21.48	37.035	1.485	14.86	2.075	0.45	53.78	11.27	2.445	0.47575939862056	2.25303119949331	1.70997383418738	0.448280790425878	-0.464068209938887	-0.633513483101496	0.60095204084774	1.15843771106015	-1.46044101127092	Macaco	-0.0240908518182288	-0.0349461657389398	0.0209442725957866	0.000335975035143697	0.201479620500972	0.217228212714709	0.248264786721084	0.183362306205488	0.154528877124578	0.0324968891502169	0.0453757326875171	0.158108087624767	0.194487861273676	0.16205106153018	8
Mocambo_W1	3.88333333333333	13.2833333333333	22.9	1.40666666666667	8.59	3.46	1.19	52.0733333333333	16.4233333333333	2.57666666666667	-0.358146534956876	0.350385106634113	1.43781409762522	-0.632950403100036	1.72831770512203	0.184002462927561	0.451037333024908	2.72604992553671	0.813701693533341	Mocambo	-0.0244459081897395	0.0280508694012103	-0.00326366001567891	-0.00442154772294667	0.188006078009356	0.214244451554077	0.247803900208153	0.217499029686624	0.158898233254985	0.0488834070094824	0.0561599336330617	0.153945235717498	0.237774037607923	0.193004618870476	16
Mocambo_W10	4.04666666666667	9.38666666666667	16.18	1.42666666666667	6.24333333333333	3.64666666666667	1.85	49.0066666666667	6.20666666666667	2.48	0.052520708714425	-0.55416259368522	1.50730168993896	-1.03762172699278	2.02380172736851	0.913138306683207	0.181659342405759	-0.381797058532282	-0.855922064424222	Mocambo	-0.0650318894731258	0.0139618719974327	0.0151910351651247	0.0179776696669433	0.159365346295613	0.232304598507439	0.267410619868106	0.201000425438338	0.173855065800482	0.0489753776252372	0.0482554012410703	0.173145454477415	0.2251157074702	0.175493442074167	7
Mocambo_W12	4.31	5.91666666666667	10.2	0.74	7.56333333333333	2.42	2.38	30.6333333333333	0.933333333333333	2.57666666666667	0.714616877082441	-1.35910236271939	-0.878438979499579	-0.80999410730311	0.0820495811773699	1.49865648424456	-1.43226618399941	-1.98591253285435	0.813701693533341	Mocambo	-0.0603772937155465	0.00759853240611523	-0.0103955966976991	1.20452939647464e-05	0.172909950142014	0.240314483544193	0.27961132880148	0.186656568934245	0.172372440549188	0.0418626064151419	0.0760543189695397	0.153040023615619	0.235029069792957	0.185270997951972	5
Mocambo_W13	3.93333333333333	8.37	14.43	1.06333333333333	7.48333333333333	2.48333333333333	0.396666666666667	39.82	2.95666666666667	2.56	-0.232432072608519	-0.78972189064338	0.244943762905948	-0.823789720617635	0.182303088725282	-0.692433551283771	-0.625303420796826	-1.37042701268147	0.525835528368245	Mocambo	-0.0762386009403651	0.00870215266313064	0.00967507144136532	0.0217289698895934	0.15920316260826	0.243906939335221	0.286777181944437	0.191970677596153	0.186116247882609	0.0361965708875269	0.055936164277342	0.173772851765819	0.232914381391722	0.169966355534553	3
Mocambo_W17	4.12666666666667	8.17	14.0866666666667	1.26666666666667	6.03	2.76666666666667	1.71666666666667	52.07	3.91333333333333	2.55333333333333	0.253663848471797	-0.835936381284695	0.95140095142901	-1.07441002916484	0.630805622492257	0.765838136227521	0.450744530861192	-1.07941491335756	0.410689062302203	Mocambo	-0.056104527806056	0.0275928676558712	0.000401294661676073	-0.0513447696811668	0.160190816620402	0.222163072131063	0.275501026092405	0.215572367376356	0.146040634019733	0.0333091149003323	0.0638621619418942	0.108484249127386	0.236266835832856	0.187410709722744	3
Mocambo_W18	4.04333333333333	12.5633333333333	21.6533333333333	1.33333333333333	9.12	3.04666666666667	1.45333333333333	49.0066666666667	4.4	2.40333333333333	0.0441397445578665	0.182577150324872	1.18302625914149	-0.541554464891307	1.07403165586197	0.474920299577541	0.181659342405759	-0.931373915095216	-2.18010642418367	Mocambo	-0.0790014091066139	0.0268139414532256	-0.0188532016510177	0.0208011602012737	0.147064285635444	0.244977829546762	0.261355852350204	0.216162688139573	0.163288786296971	0.0348095432362925	0.0781195861304182	0.181125822458519	0.234017733212724	0.192854399221575	8
Mocambo_W2	4.04	12.81	22.0833333333333	1.02666666666667	12.37	2.8	1.05666666666667	64.32	10.34	2.64	0.0357587804013103	0.240457434720305	0.117549843664083	0.0188923260112807	0.683570626464842	0.0367022924718752	1.52679248251921	0.875537447257456	1.90759312116071	Mocambo	-0.0457660275979598	0.0172814095768129	0.0428375718003427	0.0302100082383752	0.17209902941609	0.230860770080432	0.260686754245984	0.187611682189298	0.173750043554573	0.0826695741673319	0.020521667191318	0.178419921063826	0.236992088405641	0.15943134623178	1
Mocambo_W20	4.19666666666667	6.31333333333333	10.8833333333333	1.11	5.98666666666667	2.57666666666667	1.58666666666667	36.76	3.73	2.53	0.429664095759496	-1.26712206581192	0.407081478304683	-1.08188265304354	0.330045099848521	0.622220470033227	-0.894095807088542	-1.13518378256597	0.00767643107106585	Mocambo	-0.0631682955036882	-0.0310031957451338	0.0323094912518519	-0.0228521408660209	0.161173734063141	0.219608723759671	0.259036369557119	0.176647425235934	0.157916482856688	0.0227490553994867	0.0447778738765016	0.138151929055998	0.190644572085925	0.162554784884473	4
Mocambo_W3	4.07333333333333	11.2633333333333	19.4233333333333	1.1	10.2266666666667	2.54666666666667	0.923333333333333	52.07	8.94	2.61333333333333	0.119568421966882	-0.117592696656098	0.372337682147811	-0.350715147373708	0.282556596273194	-0.110597877983811	0.450744530861192	0.44966608239319	1.44700725689655	Mocambo	-0.0745753475934114	0.00468064030510676	-0.00909317486480025	0.0196544764290232	0.155391044234757	0.236942323011874	0.266871220712276	0.193155646846108	0.160414284149928	0.0404248454735315	0.0727621176941768	0.181200240807655	0.223079794719579	0.184707816885363	8
Mocambo_W4	4.14666666666667	13.1633333333333	22.6933333333333	1.04666666666667	12.9	2.58	2.24666666666667	67.3833333333333	6.81333333333333	2.48	0.303949633411139	0.322566675374293	0.187037435977827	0.11028826422001	0.335321600245779	1.35135631378887	1.79587767097464	-0.197252800424433	-0.855922064424222	Mocambo	-0.0506735709527764	0.0103081737956675	0.00140906275260493	0.00658324448752599	0.175381215935421	0.233858643874297	0.267137860224568	0.203001617204712	0.164287992285617	0.0431637786697179	0.0598643485780777	0.161075622268639	0.224714189324521	0.183162143637542	16
Mocambo_W5	4.07333333333333	10.3166666666667	17.7866666666667	1.05333333333333	9.85333333333333	2.39	2.11333333333333	49.0066666666667	5.75666666666667	2.58333333333333	0.119568421966882	-0.337896724858872	0.210199966749075	-0.415094676174825	0.0345610776020427	1.20405614333319	0.181659342405759	-0.518684282952939	0.928848159599382	Mocambo	-0.0381901049792385	0.0112957166960286	0.012894498481928	0.00572555034263902	0.178035045784294	0.219818880691354	0.249718281734492	0.203201380244472	0.158410417391888	0.0389012920901679	0.0445942460407315	0.165197067281362	0.228328985194261	0.180897972948109	10
Mocambo_W6	4.15666666666667	17.3133333333333	29.85	1.22	13.42	3.55333333333333	2.77666666666667	58.1966666666667	4.88333333333333	2.49333333333333	0.32909252588081	1.28589202883938	0.789263236030274	0.199959750764424	1.87605971624527	1.93687449135022	0.988914907772059	-0.784346896273028	-0.625629132292147	Mocambo	-0.00959693595175616	-0.00925610670799332	0.00623718812457634	-0.0259761821343075	0.206536607849386	0.216048110044726	0.238993516315656	0.197982792532527	0.149232060901784	0.031904263041666	0.0556738540279488	0.130716004493532	0.21835285822564	0.176185494718398	9
Mocambo_W7	4.14	12.5733333333333	21.6766666666667	1.03666666666667	11.8533333333333	3.08333333333333	1.85	39.82	4.07333333333333	2.45	0.287187705098024	0.185717940950981	0.152293639820955	-0.0702043433116948	1.13207316023182	0.913138306683207	-0.625303420796825	-1.03074390023021	-1.3740811617214	Mocambo	-0.0950718324765924	0.040232659583473	-0.0214986922516853	0.00200651632112332	0.133681772583864	0.240187859812864	0.285966763886589	0.218606907161859	0.175471927079828	0.0452545115996028	0.0849011551307257	0.160617154472552	0.237566361302551	0.198575285663691	7
Mocambo_W8	4.12333333333333	4.39	7.56333333333333	0.856666666666667	4.67333333333333	2.89333333333333	2.24666666666667	36.76	4.38	2.47333333333333	0.245282884315238	-1.71401170346968	-0.47309469100274	-1.30836063829033	0.831312637588081	1.35135631378887	-0.894095807088542	-0.937457791736134	-0.971068530490264	Mocambo	-0.0911447455718418	0.0614430542403287	-0.00278738907489503	0.0124490136594531	0.128585786886336	0.243524767733885	0.277980330317983	0.232660664336715	0.180381627493606	0.042657955145327	0.0599101528131263	0.167485573680246	0.248392018805994	0.202534558709193	5
Mocambo_W9	4.14	12.3366666666667	21.2666666666667	1.01666666666667	12.16	3.14666666666667	2.51	42.8833333333333	6.28333333333333	2.49	0.287187705098024	0.130529762806497	0.0828060475072112	-0.0173211589393482	1.23232666777973	1.64227415043885	-0.356218232341392	-0.358475531408762	-0.68320236532516	Mocambo	-0.057876443456796	0.0108462447507827	0.00117770228344712	-0.00168107891650522	0.164380160992411	0.231479205844874	0.257812489894714	0.207331681868841	0.161988775019115	0.0319399700155428	0.0617911437571673	0.157028119126097	0.225818630250547	0.179356480392824	13
