species_code	WL	HL.std	HW.std	SL.std	ML.std	EL.std	IO.std	DEM.std	FL.std	TL.std
Brachymyrmex_sp.1	Br.M01	0.115251469162718	0.256826333346296	0.301029995663981	0.281937053883406	0.171396137878366	0.0527063501893815	0.0649408067411623	0.189879543298191	0.293968141223346	0.264513161959389
Carebara_pr_brevipilosa	Ca.bre	0.15575268401657	0.206580581186518	0.266103352789704	0.183916596711463	0.178715402930349	0.0413926850667001	0.0422890620641807	0.125924649583102	0.218678702848977	0.176091258988563
Carebara_pr_globularia	Ca.glo	0.0969100130080564	0.258571556753778	0.26555767744632	0.167491087108465	0.152767830029777	0.0001736830584649	0.265463416074696	0.258475766650821	0.173243416251428	0.149762319754273
Carebara_pr_inca	Ca.inc	0.197325611750061	0.267704932222907	0.265702033339302	0.138302698440856	0.134698574014913	0.0422890618358403	0.0251661682198925	0.198532127951824	0.172788623528652	0.162727297592085
Carebara_MPEG_04	Ca.M04	0.211507916173488	0.231246524032937	0.248815887606237	0.123238951828122	0.118099311946155	0.0263289385594887	0.0198948285929709	0.141988387907022	0.166947879674718	0.157607853482043
Carebara_MPEG_05	Ca.M05	0.143688172700658	0.161368001967659	0.270096281219651	0.176091258686531	0.146128035520031	0.000110730975213961	0.270036816696288	0.161291619324932	0.176091258686531	0.146128035520031
Crematogaster_pr_obscurata	Cr.obs	0.184912709496167	0.240632867421746	0.283518818949916	0.265398384187932	0.186551140551294	0.105005102074441	0.0397274826497404	0.141950550330727	0.267028008882354	0.219083650939707
Crematogaster_pr_sotobosque	Cr.sot	0.202920825398258	0.21861977952561	0.236607749449777	0.263241434807726	0.170696227173533	0.095836355221658	0.0243268495790589	0.12761132663347	0.284639579489835	0.231394067692994
Cyphomyrmex_hamulatus	Cy.ham	0.203587432591417	0.218991538937247	0.256062850061635	0.183153113734478	0.159152837254933	0.0720026615919646	0.040744967429929	0.149168616418572	0.267748608507999	0.231703504364823
Cyphomyrmex_laevigatus	Cy.lae	0.296751197714806	0.230448921404332	0.278753600882885	0.170261715287205	0.146128035741521	0.0644579891810929	0.133538908200843	0.181843588049689	0.264817823038426	0.22010808814146
Cyphomyrmex_peltatus	Cy.pel	0.216709109982558	0.224995824801597	0.255272505222627	0.175652356125619	0.127889786307608	0.0601252702169834	0.058977860153235	0.160913956705025	0.256367825959168	0.222243383420373
Discothyrea_sexarticulata	Di.sex	0.122406399978617	0.268845312189972	0.301029995663981	0.234083206589162	0.132625565625618	0.0299632234663702	0.0579919471444248	0.196294644780176	0.196294645629024	0.154901960385914
Dolichoderus_pr_imitator	Do.imi	0.509546344692214	0.141580407881201	0.118099312130486	0.259938799176483	0.0993160827914889	0.0617455958877752	0.0430346323047257	0.107633878281215	0.260766815635981	0.224554642984629
Fulakora_elongata	Fu.elo	0.263241434814063	0.197685872498836	0.213595874599791	0.156940904919874	0.200914842606996	0.0296224664006303	0.0199710812878151	0.087614413439166	0.167491087356302	0.153366444404033
Gnamptogenys_pleurodon	Gn.ple	0.335014493039726	0.204119982702611	0.209515014597963	0.230448921246453	0.146128035624882	0.0492180227502158	0.0253058653070526	0.113943352479218	0.287801729907123	0.187520720855865
Hypoponera_MPEG_04	Hy.M04	0.180796554136011	0.209582878247908	0.219644204099937	0.183359955612884	0.141787027695584	0.0161867609753158	0.0368713596906894	0.104538970547666	0.181554154763024	0.151590931319661
Hypoponera_MPEG_05	Hy.M05	0.236912496032492	0.18767313172102	0.220673391596484	0.18767313172102	0.147801619556292	0.0115818724710491	0.0392532988890097	0.139368452077892	0.217128110855451	0.108491885595679
Hypoponera_MPEG_06	Hy.M06	0.211507916173488	0.210853365527865	0.243038048686294	0.148062535640013	0.166947879674718	0.0263289385594887	0.051152522139756	0.166947879674718	0.210853365527865	0.118099311946155
Hypoponera_MPEG_07	Hy.M07	0.253850917954273	0.170696227298861	0.202104691331571	0.191885526219381	0.136837959893227	0.0106197581696779	0.031034233532528	0.132907666292005	0.212088912339629	0.191885526219381
Monomorium_pr_floricola	Mo.flo	0.15575268401657	0.229674087074379	0.237360915688628	0.221848749616356	0.139497456679654	0.0555173274873929	0.0437789242889674	0.184777438071317	0.233534507861366	0.189056236456937
Myrmicocrypta_pr_foreli	My.for	0.260912772512037	0.212441281002141	0.244512734091411	0.234083205945475	0.179524434869161	0.0299632231665002	0.0177287668338658	0.111150452020597	0.264649197688732	0.202825512114022
Neocerapachys_splendens	Ne.spl	0.311014216590323	0.172862288919289	0.166331421747662	0.146128035618953	0.0949755130604134	0.0627908299711842	0.0188853441956923	0.146128035618953	0.172862288919289	0.139179175649282
Nylanderia_pr_fulva_longiscapa	Ny.ful	0.239373094563084	0.181843587905915	0.211298567234635	0.267953536936756	0.120573931384832	0.0543576624963105	0.0791812460476248	0.141972075722505	0.252043534995146	0.228742457575884
Ochetomyrmex_neopolitus	Oc.neo	0.17209902941609	0.230860770080432	0.260686754245984	0.187611682189298	0.173750043554573	0.0826695741673319	0.020521667191318	0.178419921063826	0.236992088405641	0.15943134623178
Octostruma_balzani	Oc.bal	0.184524426562478	0.200080004798985	0.305828878513297	0.181420092632778	0.12493873648525	0.0310342335362997	0.0897743193938308	0.0310342335362997	0.233278211512198	0.146128035889181
Octostruma_iheringi	Oc.ihe	0.195519810899436	0.209699859809259	0.293476857827132	0.160851292608053	0.0939045028895467	0.0147232567188718	0.117385598577162	0.0939045022742962	0.181054678552515	0.128666608912124
Pachycondyla_harpax	Pa.har	0.551222975252205	0.18905623619009	0.218678702854834	0.178715402830695	0.154506967267229	0.0449671454469454	0.0449671456000165	0.162727297412815	0.216285889734408	0.165433190910531
Pheidole_fracticeps	Ph.fra	0.175144051480567	0.259065494095103	0.243038048769561	0.191068414926543	0.191068415114246	0.0685764146850268	0.0587056602239333	0.236457703504005	0.246291206310204	0.168404430441432
Pheidole_gr._Diligens_MPEG_01	Ph.D01	0.260912772512037	0.169142399151388	0.176091259055681	0.274377800812436	0.147602721083355	0.1249387366083	0.0202033859444621	0.117113399153873	0.326140716069251	0.234083205945475
Pheidole_gr._Fallax_MPEG_01	Ph.F01	0.256217651277123	0.196775857813979	0.184829873415584	0.303670091811364	0.139264591031578	0.066189519224778	0.0206845987153736	0.146883987848933	0.34625753559839	0.254978167827457
Pheidole_gr._Fallax_MPEG_02	Ph.F02	0.352182518111362	0.16400275944444	0.172099029532971	0.28894149605274	0.140002482961512	0.0558578174036007	0.015063746500033	0.110655717572781	0.341647846617226	0.271978198630741
Pheidole_gr._Tristis_MPEG_01	Ph.T01	0.137527863987669	0.214936755213533	0.269431009319174	0.239760338866183	0.170981852988641	0.0734289171369458	0.0400051613809265	0.188607816698461	0.252725315935137	0.198367653663212
Pheidole_scolioceps	Ph.sco	0.152767830488033	0.247345136524989	0.280345396954889	0.280345396954889	0.199040457293298	0.0655015487667341	0.0292893763819296	0.192606346675338	0.285609636908194	0.217789893168508
Pheidole_MPEG_26	Ph.M26	0.17892054919863	0.228479328128149	0.247784483673718	0.197810508582696	0.164810248735664	0.0621479070328062	0.0163904160619641	0.18708664271823	0.247784483673718	0.187086643271956
Rasopone_pr_arhuaca	Ra.arh	0.445712790402894	0.21731299587132	0.199869105553953	0.185391282154197	0.150935772881618	0.0377885609702425	0.0165992618558409	0.189056236248582	0.174207115176912	0.185391282154197
Rasopone_sp.1	Ra.M01	0.407924229598379	0.242111059083452	0.223143219971844	0.190958536536313	0.186762421933988	0.03125769378851	0.0190232373492666	0.21135169521934	0.199231062519242	0.15619643039681
Rhopalothrix_sp.1	Rh.M01	0.156743093747681	0.21857103987783	0.340041348141862	0.15944958750748	0.177178355021637	0.019163159157616	0.0493346278665527	0.0856633738592697	0.216592473909533	0.175001435784057
Rogeria_sp.1	Ro.M01	0.145722342596533	0.254084284032731	0.277252148921887	0.225394030354438	0.190101973511944	0.0208501388199378	0.0597682047415401	0.199197477934181	0.235859463955429	0.16649320037817
Solenopsis_MPEG_20	So.M20	0.129175789522039	0.232372709860699	0.260251443801467	0.200003416568057	0.170593787040652	0.0391521237099636	0.0502410959943115	0.194802223319066	0.202580839437925	0.181520010868311
Solenopsis_MPEG_15	So.M15	0.1206599386043	0.234083206127539	0.254286592329687	0.196294644938504	0.148653010820109	0.0299632231815675	0.0540969033486788	0.196294645513803	0.190617512228487	0.161062268716028
Solenopsis_MPEG_19	So.M19	0.137527863913839	0.220933481858881	0.242384482789129	0.162155480970473	0.158996961746731	0.0393097337476416	0.0475822598703462	0.192538110517268	0.195462663065531	0.158996961746731
Solenopsis_MPEG_21	So.M21	0.163613432170189	0.24126179071755	0.28200675831277	0.159223333771519	0.184285737721224	0.0413926848993404	0.0525290512321269	0.188325715291047	0.219359949229028	0.159223333771519
Solenopsis_MPEG_22	So.M22	0.157731249984867	0.215317882502478	0.234623037566546	0.2231432199605	0.142408145735805	0.0547387892276337	0.0372480571750891	0.160696931330262	0.190958536817283	0.160696931330262
Strumigenys_carinithorax	St.car	0.115251469162718	0.259403756216164	0.281937053883406	0.216208482011493	0.198834386048428	0.0271522458704064	0.084595495207691	0.0649408071513293	0.256826333478135	0.201778766676884
Typhlomyrmex_pr_meire	Ty.mei	0.177979498846834	0.217908267052248	0.21620848218521	0.163776741255316	0.142106761668881	0.0164941777550513	0.042664411954453	0.16760314849799	0.161850820233216	0.142106761565862
Typhlomyrmex_pr_pusillus	Ty.pus	0.177036405145235	0.203414386271593	0.213879819881159	0.177967264232978	0.138815139932182	0.0165992617115931	0.0579919466181247	0.17041412600755	0.154901960330923	0.142893052327234
Typhlomyrmex_pr_rogenhoferi	Ty.rog	0.199123935143092	0.204424857511003	0.216447618082588	0.176091259055681	0.147520006566218	0.0143978206032604	0.0351373068110626	0.145779344469014	0.176091259055681	0.149253719362511

